(0.2850210666656494, 0.0)
AndersonResult(statistic=454.16666741198105, critical_values=array([0.575, 0.655, 0.785, 0.916, 1.09 ]), significance_level=array([15. , 10. ,  5. ,  2.5,  1. ]))
KstestResult(statistic=0.38276290846209204, pvalue=1.7303698262746298e-253)