(0.11688625812530518, 0.0)
AndersonResult(statistic=563.4428424778484, critical_values=array([0.575, 0.655, 0.785, 0.916, 1.09 ]), significance_level=array([15. , 10. ,  5. ,  2.5,  1. ]))
KstestResult(statistic=0.43443006621188807, pvalue=0.0)