(0.1536746621131897, 0.0)
AndersonResult(statistic=538.7315476217227, critical_values=array([0.575, 0.655, 0.785, 0.916, 1.09 ]), significance_level=array([15. , 10. ,  5. ,  2.5,  1. ]))
KstestResult(statistic=0.42288942965703447, pvalue=2.146083e-318)