(0.11881488561630249, 0.0)
AndersonResult(statistic=584.8270686170254, critical_values=array([0.575, 0.655, 0.785, 0.916, 1.09 ]), significance_level=array([15. , 10. ,  5. ,  2.5,  1. ]))
KstestResult(statistic=0.4332397887597606, pvalue=0.0)